6 1 2 3 4 5 7 8 97 8 9 6 1 2 3 4 53 4 5 7 8 9 6 1 29 6 1 2 3 4 5 7 85 7 8 9 6 1 2 3 42 3 4 5 7 8 9 6 18 9 6 1 2 3 4 5 74 5 7 8 9 6 1 2 31 2 3 4 5 7 8 9 6
6 1 2 3 4 5 7 8 97 8 9 6 1 2 3 4 53 4 5 7 8 9 6 1 29 6 1 2 3 4 5 7 85 7 8 9 6 1 2 3 42 3 4 5 7 8 9 6 14 5 7 8 9 6 1 2 38 9 6 1 2 3 4 5 71 2 3 4 5 7 8 9 6
6 1 2 3 4 5 7 8 97 8 9 6 1 2 3 4 53 4 5 7 8 9 6 1 29 6 1 2 3 4 5 7 85 7 8 9 6 1 2 3 42 3 4 5 7 8 9 6 18 9 6 1 2 3 4 5 74 5 7 8 9 6 1 2 31 2 3 4 5 7 8 9 6
6 1 2 3 4 5 7 8 97 8 9 6 1 2 3 4 53 4 5 7 8 9 6 1 29 6 1 2 3 4 5 7 85 7 8 9 6 1 2 3 42 3 4 5 7 8 9 6 14 5 7 8 9 6 1 2 38 9 6 1 2 3 4 5 71 2 3 4 5 7 8 9 6
6 1 2 3 4 5 7 8 97 8 9 6 1 2 3 4 53 4 5 7 8 9 6 1 29 6 1 2 3 4 5 7 85 7 8 9 6 1 2 3 42 3 4 5 7 8 9 6 18 9 6 1 2 3 4 5 74 5 7 8 9 6 1 2 31 2 3 4 5 7 8 9 6
6 1 2 3 4 5 7 8 97 8 9 6 1 2 3 4 53 4 5 7 8 9 6 1 29 6 1 2 3 4 5 7 85 7 8 9 6 1 2 3 42 3 4 5 7 8 9 6 14 5 7 8 9 6 1 2 38 9 6 1 2 3 4 5 71 2 3 4 5 7 8 9 6
6 1 2 3 4 5 7 8 97 8 9 6 1 2 3 4 53 4 5 7 8 9 6 1 25 7 8 9 6 1 2 3 49 6 1 2 3 4 5 7 82 3 4 5 7 8 9 6 18 9 6 1 2 3 4 5 74 5 7 8 9 6 1 2 31 2 3 4 5 7 8 9 6
6 1 2 3 4 5 7 8 97 8 9 6 1 2 3 4 53 4 5 7 8 9 6 1 25 7 8 9 6 1 2 3 49 6 1 2 3 4 5 7 82 3 4 5 7 8 9 6 14 5 7 8 9 6 1 2 38 9 6 1 2 3 4 5 71 2 3 4 5 7 8 9 6
6 1 2 3 4 5 7 8 97 8 9 6 1 2 3 4 53 4 5 7 8 9 6 1 25 7 8 9 6 1 2 3 49 6 1 2 3 4 5 7 82 3 4 5 7 8 9 6 18 9 6 1 2 3 4 5 74 5 7 8 9 6 1 2 31 2 3 4 5 7 8 9 6
6 1 2 3 4 5 7 8 97 8 9 6 1 2 3 4 53 4 5 7 8 9 6 1 25 7 8 9 6 1 2 3 49 6 1 2 3 4 5 7 82 3 4 5 7 8 9 6 14 5 7 8 9 6 1 2 38 9 6 1 2 3 4 5 71 2 3 4 5 7 8 9 6
6 1 2 3 4 5 7 8 97 8 9 6 1 2 3 4 53 4 5 7 8 9 6 1 25 7 8 9 6 1 2 3 49 6 1 2 3 4 5 7 82 3 4 5 7 8 9 6 18 9 6 1 2 3 4 5 74 5 7 8 9 6 1 2 31 2 3 4 5 7 8 9 6
6 1 2 3 4 5 7 8 97 8 9 6 1 2 3 4 53 4 5 7 8 9 6 1 25 7 8 9 6 1 2 3 49 6 1 2 3 4 5 7 82 3 4 5 7 8 9 6 14 5 7 8 9 6 1 2 38 9 6 1 2 3 4 5 71 2 3 4 5 7 8 9 6
6 1 2 3 4 5 7 8 97 8 9 6 1 2 3 4 53 4 5 7 8 9 6 1 29 6 1 2 3 4 5 7 85 7 8 9 6 1 2 3 42 3 4 5 7 8 9 6 18 9 6 1 2 3 4 5 74 5 7 8 9 6 1 2 31 2 3 4 5 7 8 9 6
6 1 2 3 4 5 7 8 97 8 9 6 1 2 3 4 53 4 5 7 8 9 6 1 29 6 1 2 3 4 5 7 85 7 8 9 6 1 2 3 42 3 4 5 7 8 9 6 14 5 7 8 9 6 1 2 38 9 6 1 2 3 4 5 71 2 3 4 5 7 8 9 6
6 1 2 3 4 5 7 8 97 8 9 6 1 2 3 4 53 4 5 7 8 9 6 1 29 6 1 2 3 4 5 7 85 7 8 9 6 1 2 3 42 3 4 5 7 8 9 6 18 9 6 1 2 3 4 5 74 5 7 8 9 6 1 2 31 2 3 4 5 7 8 9 6
6 1 2 3 4 5 7 8 97 8 9 6 1 2 3 4 53 4 5 7 8 9 6 1 29 6 1 2 3 4 5 7 85 7 8 9 6 1 2 3 42 3 4 5 7 8 9 6 14 5 7 8 9 6 1 2 38 9 6 1 2 3 4 5 71 2 3 4 5 7 8 9 6
6 1 2 3 4 5 7 8 97 8 9 6 1 2 3 4 53 4 5 7 8 9 6 1 29 6 1 2 3 4 5 7 85 7 8 9 6 1 2 3 42 3 4 5 7 8 9 6 18 9 6 1 2 3 4 5 74 5 7 8 9 6 1 2 31 2 3 4 5 7 8 9 6
6 1 2 3 4 5 7 8 97 8 9 6 1 2 3 4 53 4 5 7 8 9 6 1 29 6 1 2 3 4 5 7 85 7 8 9 6 1 2 3 42 3 4 5 7 8 9 6 14 5 7 8 9 6 1 2 38 9 6 1 2 3 4 5 71 2 3 4 5 7 8 9 6
6 1 2 3 4 5 7 8 97 8 9 6 1 2 3 4 53 4 5 7 8 9 6 1 25 7 8 9 6 1 2 3 49 6 1 2 3 4 5 7 82 3 4 5 7 8 9 6 18 9 6 1 2 3 4 5 74 5 7 8 9 6 1 2 31 2 3 4 5 7 8 9 6
6 1 2 3 4 5 7 8 97 8 9 6 1 2 3 4 53 4 5 7 8 9 6 1 25 7 8 9 6 1 2 3 49 6 1 2 3 4 5 7 82 3 4 5 7 8 9 6 14 5 7 8 9 6 1 2 38 9 6 1 2 3 4 5 71 2 3 4 5 7 8 9 6
6 1 2 3 4 5 7 8 97 8 9 6 1 2 3 4 53 4 5 7 8 9 6 1 25 7 8 9 6 1 2 3 49 6 1 2 3 4 5 7 82 3 4 5 7 8 9 6 18 9 6 1 2 3 4 5 74 5 7 8 9 6 1 2 31 2 3 4 5 7 8 9 6
6 1 2 3 4 5 7 8 97 8 9 6 1 2 3 4 53 4 5 7 8 9 6 1 25 7 8 9 6 1 2 3 49 6 1 2 3 4 5 7 82 3 4 5 7 8 9 6 14 5 7 8 9 6 1 2 38 9 6 1 2 3 4 5 71 2 3 4 5 7 8 9 6
6 1 2 3 4 5 7 8 97 8 9 6 1 2 3 4 53 4 5 7 8 9 6 1 25 7 8 9 6 1 2 3 49 6 1 2 3 4 5 7 82 3 4 5 7 8 9 6 18 9 6 1 2 3 4 5 74 5 7 8 9 6 1 2 31 2 3 4 5 7 8 9 6
6 1 2 3 4 5 7 8 97 8 9 6 1 2 3 4 53 4 5 7 8 9 6 1 25 7 8 9 6 1 2 3 49 6 1 2 3 4 5 7 82 3 4 5 7 8 9 6 14 5 7 8 9 6 1 2 38 9 6 1 2 3 4 5 71 2 3 4 5 7 8 9 6
6 1 2 3 4 5 7 8 97 8 9 6 1 2 3 4 53 4 5 7 8 9 6 1 29 6 1 2 3 4 5 7 85 7 8 9 6 1 2 3 42 3 4 5 7 8 9 6 18 9 6 1 2 3 4 5 74 5 7 8 9 6 1 2 31 2 3 4 5 7 8 9 6
6 1 2 3 4 5 7 8 97 8 9 6 1 2 3 4 53 4 5 7 8 9 6 1 29 6 1 2 3 4 5 7 85 7 8 9 6 1 2 3 42 3 4 5 7 8 9 6 14 5 7 8 9 6 1 2 38 9 6 1 2 3 4 5 71 2 3 4 5 7 8 9 6
6 1 2 3 4 5 7 8 97 8 9 6 1 2 3 4 53 4 5 7 8 9 6 1 29 6 1 2 3 4 5 7 85 7 8 9 6 1 2 3 42 3 4 5 7 8 9 6 18 9 6 1 2 3 4 5 74 5 7 8 9 6 1 2 31 2 3 4 5 7 8 9 6
6 1 2 3 4 5 7 8 97 8 9 6 1 2 3 4 53 4 5 7 8 9 6 1 29 6 1 2 3 4 5 7 85 7 8 9 6 1 2 3 42 3 4 5 7 8 9 6 14 5 7 8 9 6 1 2 38 9 6 1 2 3 4 5 71 2 3 4 5 7 8 9 6
6 1 2 3 4 5 7 8 97 8 9 6 1 2 3 4 53 4 5 7 8 9 6 1 29 6 1 2 3 4 5 7 85 7 8 9 6 1 2 3 42 3 4 5 7 8 9 6 18 9 6 1 2 3 4 5 74 5 7 8 9 6 1 2 31 2 3 4 5 7 8 9 6
6 1 2 3 4 5 7 8 97 8 9 6 1 2 3 4 53 4 5 7 8 9 6 1 29 6 1 2 3 4 5 7 85 7 8 9 6 1 2 3 42 3 4 5 7 8 9 6 14 5 7 8 9 6 1 2 38 9 6 1 2 3 4 5 71 2 3 4 5 7 8 9 6
6 1 2 3 4 5 7 8 97 8 9 6 1 2 3 4 53 4 5 7 8 9 6 1 25 7 8 9 6 1 2 3 49 6 1 2 3 4 5 7 82 3 4 5 7 8 9 6 18 9 6 1 2 3 4 5 74 5 7 8 9 6 1 2 31 2 3 4 5 7 8 9 6
6 1 2 3 4 5 7 8 97 8 9 6 1 2 3 4 53 4 5 7 8 9 6 1 25 7 8 9 6 1 2 3 49 6 1 2 3 4 5 7 82 3 4 5 7 8 9 6 14 5 7 8 9 6 1 2 38 9 6 1 2 3 4 5 71 2 3 4 5 7 8 9 6
6 1 2 3 4 5 7 8 97 8 9 6 1 2 3 4 53 4 5 7 8 9 6 1 25 7 8 9 6 1 2 3 49 6 1 2 3 4 5 7 82 3 4 5 7 8 9 6 18 9 6 1 2 3 4 5 74 5 7 8 9 6 1 2 31 2 3 4 5 7 8 9 6
6 1 2 3 4 5 7 8 97 8 9 6 1 2 3 4 53 4 5 7 8 9 6 1 25 7 8 9 6 1 2 3 49 6 1 2 3 4 5 7 82 3 4 5 7 8 9 6 14 5 7 8 9 6 1 2 38 9 6 1 2 3 4 5 71 2 3 4 5 7 8 9 6
6 1 2 3 4 5 7 8 97 8 9 6 1 2 3 4 53 4 5 7 8 9 6 1 25 7 8 9 6 1 2 3 49 6 1 2 3 4 5 7 82 3 4 5 7 8 9 6 18 9 6 1 2 3 4 5 74 5 7 8 9 6 1 2 31 2 3 4 5 7 8 9 6
6 1 2 3 4 5 7 8 97 8 9 6 1 2 3 4 53 4 5 7 8 9 6 1 25 7 8 9 6 1 2 3 49 6 1 2 3 4 5 7 82 3 4 5 7 8 9 6 14 5 7 8 9 6 1 2 38 9 6 1 2 3 4 5 71 2 3 4 5 7 8 9 6
6 1 2 3 4 5 7 9 87 9 8 6 1 2 3 4 53 4 5 7 9 8 6 1 28 6 1 2 3 4 5 7 95 7 9 8 6 1 2 3 42 3 4 5 7 9 8 6 19 8 6 1 2 3 4 5 74 5 7 9 8 6 1 2 31 2 3 4 5 7 9 8 6
6 1 2 3 4 5 7 9 87 9 8 6 1 2 3 4 53 4 5 7 9 8 6 1 28 6 1 2 3 4 5 7 95 7 9 8 6 1 2 3 42 3 4 5 7 9 8 6 14 5 7 9 8 6 1 2 39 8 6 1 2 3 4 5 71 2 3 4 5 7 9 8 6
6 1 2 3 4 5 7 9 87 9 8 6 1 2 3 4 53 4 5 7 9 8 6 1 28 6 1 2 3 4 5 7 95 7 9 8 6 1 2 3 42 3 4 5 7 9 8 6 19 8 6 1 2 3 4 5 74 5 7 9 8 6 1 2 31 2 3 4 5 7 9 8 6
6 1 2 3 4 5 7 9 87 9 8 6 1 2 3 4 53 4 5 7 9 8 6 1 28 6 1 2 3 4 5 7 95 7 9 8 6 1 2 3 42 3 4 5 7 9 8 6 14 5 7 9 8 6 1 2 39 8 6 1 2 3 4 5 71 2 3 4 5 7 9 8 6
6 1 2 3 4 5 7 9 87 9 8 6 1 2 3 4 53 4 5 7 9 8 6 1 28 6 1 2 3 4 5 7 95 7 9 8 6 1 2 3 42 3 4 5 7 9 8 6 19 8 6 1 2 3 4 5 74 5 7 9 8 6 1 2 31 2 3 4 5 7 9 8 6
6 1 2 3 4 5 7 9 87 9 8 6 1 2 3 4 53 4 5 7 9 8 6 1 28 6 1 2 3 4 5 7 95 7 9 8 6 1 2 3 42 3 4 5 7 9 8 6 14 5 7 9 8 6 1 2 39 8 6 1 2 3 4 5 71 2 3 4 5 7 9 8 6
6 1 2 3 4 5 7 9 87 9 8 6 1 2 3 4 53 4 5 7 9 8 6 1 25 7 9 8 6 1 2 3 48 6 1 2 3 4 5 7 92 3 4 5 7 9 8 6 19 8 6 1 2 3 4 5 74 5 7 9 8 6 1 2 31 2 3 4 5 7 9 8 6
6 1 2 3 4 5 7 9 87 9 8 6 1 2 3 4 53 4 5 7 9 8 6 1 25 7 9 8 6 1 2 3 48 6 1 2 3 4 5 7 92 3 4 5 7 9 8 6 14 5 7 9 8 6 1 2 39 8 6 1 2 3 4 5 71 2 3 4 5 7 9 8 6
6 1 2 3 4 5 7 9 87 9 8 6 1 2 3 4 53 4 5 7 9 8 6 1 25 7 9 8 6 1 2 3 48 6 1 2 3 4 5 7 92 3 4 5 7 9 8 6 19 8 6 1 2 3 4 5 74 5 7 9 8 6 1 2 31 2 3 4 5 7 9 8 6
6 1 2 3 4 5 7 9 87 9 8 6 1 2 3 4 53 4 5 7 9 8 6 1 25 7 9 8 6 1 2 3 48 6 1 2 3 4 5 7 92 3 4 5 7 9 8 6 14 5 7 9 8 6 1 2 39 8 6 1 2 3 4 5 71 2 3 4 5 7 9 8 6
6 1 2 3 4 5 7 9 87 9 8 6 1 2 3 4 53 4 5 7 9 8 6 1 25 7 9 8 6 1 2 3 48 6 1 2 3 4 5 7 92 3 4 5 7 9 8 6 19 8 6 1 2 3 4 5 74 5 7 9 8 6 1 2 31 2 3 4 5 7 9 8 6
6 1 2 3 4 5 7 9 87 9 8 6 1 2 3 4 53 4 5 7 9 8 6 1 25 7 9 8 6 1 2 3 48 6 1 2 3 4 5 7 92 3 4 5 7 9 8 6 14 5 7 9 8 6 1 2 39 8 6 1 2 3 4 5 71 2 3 4 5 7 9 8 6
6 1 2 3 4 5 7 9 87 9 8 6 1 2 3 4 53 4 5 7 9 8 6 1 28 6 1 2 3 4 5 7 95 7 9 8 6 1 2 3 42 3 4 5 7 9 8 6 19 8 6 1 2 3 4 5 74 5 7 9 8 6 1 2 31 2 3 4 5 7 9 8 6
6 1 2 3 4 5 7 9 87 9 8 6 1 2 3 4 53 4 5 7 9 8 6 1 28 6 1 2 3 4 5 7 95 7 9 8 6 1 2 3 42 3 4 5 7 9 8 6 14 5 7 9 8 6 1 2 39 8 6 1 2 3 4 5 71 2 3 4 5 7 9 8 6
6 1 2 3 4 5 7 9 87 9 8 6 1 2 3 4 53 4 5 7 9 8 6 1 28 6 1 2 3 4 5 7 95 7 9 8 6 1 2 3 42 3 4 5 7 9 8 6 19 8 6 1 2 3 4 5 74 5 7 9 8 6 1 2 31 2 3 4 5 7 9 8 6
6 1 2 3 4 5 7 9 87 9 8 6 1 2 3 4 53 4 5 7 9 8 6 1 28 6 1 2 3 4 5 7 95 7 9 8 6 1 2 3 42 3 4 5 7 9 8 6 14 5 7 9 8 6 1 2 39 8 6 1 2 3 4 5 71 2 3 4 5 7 9 8 6
6 1 2 3 4 5 7 9 87 9 8 6 1 2 3 4 53 4 5 7 9 8 6 1 28 6 1 2 3 4 5 7 95 7 9 8 6 1 2 3 42 3 4 5 7 9 8 6 19 8 6 1 2 3 4 5 74 5 7 9 8 6 1 2 31 2 3 4 5 7 9 8 6
6 1 2 3 4 5 7 9 87 9 8 6 1 2 3 4 53 4 5 7 9 8 6 1 28 6 1 2 3 4 5 7 95 7 9 8 6 1 2 3 42 3 4 5 7 9 8 6 14 5 7 9 8 6 1 2 39 8 6 1 2 3 4 5 71 2 3 4 5 7 9 8 6
6 1 2 3 4 5 7 9 87 9 8 6 1 2 3 4 53 4 5 7 9 8 6 1 25 7 9 8 6 1 2 3 48 6 1 2 3 4 5 7 92 3 4 5 7 9 8 6 19 8 6 1 2 3 4 5 74 5 7 9 8 6 1 2 31 2 3 4 5 7 9 8 6
6 1 2 3 4 5 7 9 87 9 8 6 1 2 3 4 53 4 5 7 9 8 6 1 25 7 9 8 6 1 2 3 48 6 1 2 3 4 5 7 92 3 4 5 7 9 8 6 14 5 7 9 8 6 1 2 39 8 6 1 2 3 4 5 71 2 3 4 5 7 9 8 6
6 1 2 3 4 5 7 9 87 9 8 6 1 2 3 4 53 4 5 7 9 8 6 1 25 7 9 8 6 1 2 3 48 6 1 2 3 4 5 7 92 3 4 5 7 9 8 6 19 8 6 1 2 3 4 5 74 5 7 9 8 6 1 2 31 2 3 4 5 7 9 8 6
6 1 2 3 4 5 7 9 87 9 8 6 1 2 3 4 53 4 5 7 9 8 6 1 25 7 9 8 6 1 2 3 48 6 1 2 3 4 5 7 92 3 4 5 7 9 8 6 14 5 7 9 8 6 1 2 39 8 6 1 2 3 4 5 71 2 3 4 5 7 9 8 6
6 1 2 3 4 5 7 9 87 9 8 6 1 2 3 4 53 4 5 7 9 8 6 1 25 7 9 8 6 1 2 3 48 6 1 2 3 4 5 7 92 3 4 5 7 9 8 6 19 8 6 1 2 3 4 5 74 5 7 9 8 6 1 2 31 2 3 4 5 7 9 8 6
6 1 2 3 4 5 7 9 87 9 8 6 1 2 3 4 53 4 5 7 9 8 6 1 25 7 9 8 6 1 2 3 48 6 1 2 3 4 5 7 92 3 4 5 7 9 8 6 14 5 7 9 8 6 1 2 39 8 6 1 2 3 4 5 71 2 3 4 5 7 9 8 6
6 1 2 3 4 5 7 9 87 9 8 6 1 2 3 4 53 4 5 7 9 8 6 1 28 6 1 2 3 4 5 7 95 7 9 8 6 1 2 3 42 3 4 5 7 9 8 6 19 8 6 1 2 3 4 5 74 5 7 9 8 6 1 2 31 2 3 4 5 7 9 8 6
6 1 2 3 4 5 7 9 87 9 8 6 1 2 3 4 53 4 5 7 9 8 6 1 28 6 1 2 3 4 5 7 95 7 9 8 6 1 2 3 42 3 4 5 7 9 8 6 14 5 7 9 8 6 1 2 39 8 6 1 2 3 4 5 71 2 3 4 5 7 9 8 6
6 1 2 3 4 5 7 9 87 9 8 6 1 2 3 4 53 4 5 7 9 8 6 1 28 6 1 2 3 4 5 7 95 7 9 8 6 1 2 3 42 3 4 5 7 9 8 6 19 8 6 1 2 3 4 5 74 5 7 9 8 6 1 2 31 2 3 4 5 7 9 8 6
6 1 2 3 4 5 7 9 87 9 8 6 1 2 3 4 53 4 5 7 9 8 6 1 28 6 1 2 3 4 5 7 95 7 9 8 6 1 2 3 42 3 4 5 7 9 8 6 14 5 7 9 8 6 1 2 39 8 6 1 2 3 4 5 71 2 3 4 5 7 9 8 6
6 1 2 3 4 5 7 9 87 9 8 6 1 2 3 4 53 4 5 7 9 8 6 1 28 6 1 2 3 4 5 7 95 7 9 8 6 1 2 3 42 3 4 5 7 9 8 6 19 8 6 1 2 3 4 5 74 5 7 9 8 6 1 2 31 2 3 4 5 7 9 8 6
6 1 2 3 4 5 7 9 87 9 8 6 1 2 3 4 53 4 5 7 9 8 6 1 28 6 1 2 3 4 5 7 95 7 9 8 6 1 2 3 42 3 4 5 7 9 8 6 14 5 7 9 8 6 1 2 39 8 6 1 2 3 4 5 71 2 3 4 5 7 9 8 6
6 1 2 3 4 5 7 9 87 9 8 6 1 2 3 4 53 4 5 7 9 8 6 1 25 7 9 8 6 1 2 3 48 6 1 2 3 4 5 7 92 3 4 5 7 9 8 6 19 8 6 1 2 3 4 5 74 5 7 9 8 6 1 2 31 2 3 4 5 7 9 8 6
6 1 2 3 4 5 7 9 87 9 8 6 1 2 3 4 53 4 5 7 9 8 6 1 25 7 9 8 6 1 2 3 48 6 1 2 3 4 5 7 92 3 4 5 7 9 8 6 14 5 7 9 8 6 1 2 39 8 6 1 2 3 4 5 71 2 3 4 5 7 9 8 6
6 1 2 3 4 5 7 9 87 9 8 6 1 2 3 4 53 4 5 7 9 8 6 1 25 7 9 8 6 1 2 3 48 6 1 2 3 4 5 7 92 3 4 5 7 9 8 6 19 8 6 1 2 3 4 5 74 5 7 9 8 6 1 2 31 2 3 4 5 7 9 8 6
6 1 2 3 4 5 7 9 87 9 8 6 1 2 3 4 53 4 5 7 9 8 6 1 25 7 9 8 6 1 2 3 48 6 1 2 3 4 5 7 92 3 4 5 7 9 8 6 14 5 7 9 8 6 1 2 39 8 6 1 2 3 4 5 71 2 3 4 5 7 9 8 6
6 1 2 3 4 5 7 9 87 9 8 6 1 2 3 4 53 4 5 7 9 8 6 1 25 7 9 8 6 1 2 3 48 6 1 2 3 4 5 7 92 3 4 5 7 9 8 6 19 8 6 1 2 3 4 5 74 5 7 9 8 6 1 2 31 2 3 4 5 7 9 8 6
6 1 2 3 4 5 7 9 87 9 8 6 1 2 3 4 53 4 5 7 9 8 6 1 25 7 9 8 6 1 2 3 48 6 1 2 3 4 5 7 92 3 4 5 7 9 8 6 14 5 7 9 8 6 1 2 39 8 6 1 2 3 4 5 71 2 3 4 5 7 9 8 6
6 1 2 3 4 5 8 7 98 7 9 6 1 2 3 4 53 4 5 8 7 9 6 1 29 6 1 2 3 4 5 8 75 8 7 9 6 1 2 3 42 3 4 5 8 7 9 6 17 9 6 1 2 3 4 5 84 5 8 7 9 6 1 2 31 2 3 4 5 8 7 9 6
6 1 2 3 4 5 8 7 98 7 9 6 1 2 3 4 53 4 5 8 7 9 6 1 29 6 1 2 3 4 5 8 75 8 7 9 6 1 2 3 42 3 4 5 8 7 9 6 14 5 8 7 9 6 1 2 37 9 6 1 2 3 4 5 81 2 3 4 5 8 7 9 6
6 1 2 3 4 5 8 7 98 7 9 6 1 2 3 4 53 4 5 8 7 9 6 1 29 6 1 2 3 4 5 8 75 8 7 9 6 1 2 3 42 3 4 5 8 7 9 6 17 9 6 1 2 3 4 5 84 5 8 7 9 6 1 2 31 2 3 4 5 8 7 9 6
6 1 2 3 4 5 8 7 98 7 9 6 1 2 3 4 53 4 5 8 7 9 6 1 29 6 1 2 3 4 5 8 75 8 7 9 6 1 2 3 42 3 4 5 8 7 9 6 14 5 8 7 9 6 1 2 37 9 6 1 2 3 4 5 81 2 3 4 5 8 7 9 6
6 1 2 3 4 5 8 7 98 7 9 6 1 2 3 4 53 4 5 8 7 9 6 1 29 6 1 2 3 4 5 8 75 8 7 9 6 1 2 3 42 3 4 5 8 7 9 6 17 9 6 1 2 3 4 5 84 5 8 7 9 6 1 2 31 2 3 4 5 8 7 9 6
6 1 2 3 4 5 8 7 98 7 9 6 1 2 3 4 53 4 5 8 7 9 6 1 29 6 1 2 3 4 5 8 75 8 7 9 6 1 2 3 42 3 4 5 8 7 9 6 14 5 8 7 9 6 1 2 37 9 6 1 2 3 4 5 81 2 3 4 5 8 7 9 6
6 1 2 3 4 5 8 7 98 7 9 6 1 2 3 4 53 4 5 8 7 9 6 1 25 8 7 9 6 1 2 3 49 6 1 2 3 4 5 8 72 3 4 5 8 7 9 6 17 9 6 1 2 3 4 5 84 5 8 7 9 6 1 2 31 2 3 4 5 8 7 9 6
6 1 2 3 4 5 8 7 98 7 9 6 1 2 3 4 53 4 5 8 7 9 6 1 25 8 7 9 6 1 2 3 49 6 1 2 3 4 5 8 72 3 4 5 8 7 9 6 14 5 8 7 9 6 1 2 37 9 6 1 2 3 4 5 81 2 3 4 5 8 7 9 6
6 1 2 3 4 5 8 7 98 7 9 6 1 2 3 4 53 4 5 8 7 9 6 1 25 8 7 9 6 1 2 3 49 6 1 2 3 4 5 8 72 3 4 5 8 7 9 6 17 9 6 1 2 3 4 5 84 5 8 7 9 6 1 2 31 2 3 4 5 8 7 9 6
6 1 2 3 4 5 8 7 98 7 9 6 1 2 3 4 53 4 5 8 7 9 6 1 25 8 7 9 6 1 2 3 49 6 1 2 3 4 5 8 72 3 4 5 8 7 9 6 14 5 8 7 9 6 1 2 37 9 6 1 2 3 4 5 81 2 3 4 5 8 7 9 6
6 1 2 3 4 5 8 7 98 7 9 6 1 2 3 4 53 4 5 8 7 9 6 1 25 8 7 9 6 1 2 3 49 6 1 2 3 4 5 8 72 3 4 5 8 7 9 6 17 9 6 1 2 3 4 5 84 5 8 7 9 6 1 2 31 2 3 4 5 8 7 9 6
6 1 2 3 4 5 8 7 98 7 9 6 1 2 3 4 53 4 5 8 7 9 6 1 25 8 7 9 6 1 2 3 49 6 1 2 3 4 5 8 72 3 4 5 8 7 9 6 14 5 8 7 9 6 1 2 37 9 6 1 2 3 4 5 81 2 3 4 5 8 7 9 6
6 1 2 3 4 5 8 7 98 7 9 6 1 2 3 4 53 4 5 8 7 9 6 1 29 6 1 2 3 4 5 8 75 8 7 9 6 1 2 3 42 3 4 5 8 7 9 6 17 9 6 1 2 3 4 5 84 5 8 7 9 6 1 2 31 2 3 4 5 8 7 9 6
6 1 2 3 4 5 8 7 98 7 9 6 1 2 3 4 53 4 5 8 7 9 6 1 29 6 1 2 3 4 5 8 75 8 7 9 6 1 2 3 42 3 4 5 8 7 9 6 14 5 8 7 9 6 1 2 37 9 6 1 2 3 4 5 81 2 3 4 5 8 7 9 6
6 1 2 3 4 5 8 7 98 7 9 6 1 2 3 4 53 4 5 8 7 9 6 1 29 6 1 2 3 4 5 8 75 8 7 9 6 1 2 3 42 3 4 5 8 7 9 6 17 9 6 1 2 3 4 5 84 5 8 7 9 6 1 2 31 2 3 4 5 8 7 9 6
6 1 2 3 4 5 8 7 98 7 9 6 1 2 3 4 53 4 5 8 7 9 6 1 29 6 1 2 3 4 5 8 75 8 7 9 6 1 2 3 42 3 4 5 8 7 9 6 14 5 8 7 9 6 1 2 37 9 6 1 2 3 4 5 81 2 3 4 5 8 7 9 6
6 1 2 3 4 5 8 7 98 7 9 6 1 2 3 4 53 4 5 8 7 9 6 1 29 6 1 2 3 4 5 8 75 8 7 9 6 1 2 3 42 3 4 5 8 7 9 6 17 9 6 1 2 3 4 5 84 5 8 7 9 6 1 2 31 2 3 4 5 8 7 9 6
6 1 2 3 4 5 8 7 98 7 9 6 1 2 3 4 53 4 5 8 7 9 6 1 29 6 1 2 3 4 5 8 75 8 7 9 6 1 2 3 42 3 4 5 8 7 9 6 14 5 8 7 9 6 1 2 37 9 6 1 2 3 4 5 81 2 3 4 5 8 7 9 6
6 1 2 3 4 5 8 7 98 7 9 6 1 2 3 4 53 4 5 8 7 9 6 1 25 8 7 9 6 1 2 3 49 6 1 2 3 4 5 8 72 3 4 5 8 7 9 6 17 9 6 1 2 3 4 5 84 5 8 7 9 6 1 2 31 2 3 4 5 8 7 9 6
6 1 2 3 4 5 8 7 98 7 9 6 1 2 3 4 53 4 5 8 7 9 6 1 25 8 7 9 6 1 2 3 49 6 1 2 3 4 5 8 72 3 4 5 8 7 9 6 14 5 8 7 9 6 1 2 37 9 6 1 2 3 4 5 81 2 3 4 5 8 7 9 6
6 1 2 3 4 5 8 7 98 7 9 6 1 2 3 4 53 4 5 8 7 9 6 1 25 8 7 9 6 1 2 3 49 6 1 2 3 4 5 8 72 3 4 5 8 7 9 6 17 9 6 1 2 3 4 5 84 5 8 7 9 6 1 2 31 2 3 4 5 8 7 9 6
6 1 2 3 4 5 8 7 98 7 9 6 1 2 3 4 53 4 5 8 7 9 6 1 25 8 7 9 6 1 2 3 49 6 1 2 3 4 5 8 72 3 4 5 8 7 9 6 14 5 8 7 9 6 1 2 37 9 6 1 2 3 4 5 81 2 3 4 5 8 7 9 6
6 1 2 3 4 5 8 7 98 7 9 6 1 2 3 4 53 4 5 8 7 9 6 1 25 8 7 9 6 1 2 3 49 6 1 2 3 4 5 8 72 3 4 5 8 7 9 6 17 9 6 1 2 3 4 5 84 5 8 7 9 6 1 2 31 2 3 4 5 8 7 9 6
6 1 2 3 4 5 8 7 98 7 9 6 1 2 3 4 53 4 5 8 7 9 6 1 25 8 7 9 6 1 2 3 49 6 1 2 3 4 5 8 72 3 4 5 8 7 9 6 14 5 8 7 9 6 1 2 37 9 6 1 2 3 4 5 81 2 3 4 5 8 7 9 6
6 1 2 3 4 5 8 7 98 7 9 6 1 2 3 4 53 4 5 8 7 9 6 1 29 6 1 2 3 4 5 8 75 8 7 9 6 1 2 3 42 3 4 5 8 7 9 6 17 9 6 1 2 3 4 5 84 5 8 7 9 6 1 2 31 2 3 4 5 8 7 9 6
6 1 2 3 4 5 8 7 98 7 9 6 1 2 3 4 53 4 5 8 7 9 6 1 29 6 1 2 3 4 5 8 75 8 7 9 6 1 2 3 42 3 4 5 8 7 9 6 14 5 8 7 9 6 1 2 37 9 6 1 2 3 4 5 81 2 3 4 5 8 7 9 6
6 1 2 3 4 5 8 7 98 7 9 6 1 2 3 4 53 4 5 8 7 9 6 1 29 6 1 2 3 4 5 8 75 8 7 9 6 1 2 3 42 3 4 5 8 7 9 6 17 9 6 1 2 3 4 5 84 5 8 7 9 6 1 2 31 2 3 4 5 8 7 9 6
6 1 2 3 4 5 8 7 98 7 9 6 1 2 3 4 53 4 5 8 7 9 6 1 29 6 1 2 3 4 5 8 75 8 7 9 6 1 2 3 42 3 4 5 8 7 9 6 14 5 8 7 9 6 1 2 37 9 6 1 2 3 4 5 81 2 3 4 5 8 7 9 6
